Case:controller_optim   Time:380.44841929999984
     fun: -0.4944343532376012
     jac: array([ 0.        , -0.02552648,  0.        , -0.05105297])
 message: 'Optimization terminated successfully.'
    nfev: 42
     nit: 7
    njev: 7
  status: 0
 success: True
       x: array([ 0.        ,  1.        , -0.09764647,  1.        ])
Ka: [0.0, 0.001374827124682892, 0.009267353210822792, 0.022957764406968926, 0.025820568289909678, 0.04013458770461352, 0.10771770521890033, 0.10771770521890033]
Kad: [0.0, 0.00012570543183932197, 0.0008473477257317041, 0.0019698041169222357, 0.001969804116922233, 0.0019698041169222275, 0.00196980411692223, 0.00196980411692223]
Kh: [0.0, 0.0, 0.0, 0.0, 0.0, 0.0, 0.0, 0.0]
Khd: [0.0, -8.775894692949003e-06, -1.5276557428465336e-05, -4.4250575551875695e-05, -4.502370524469724e-05, -4.8889353708805096e-05, -6.714087110931684e-05, -6.714087110931684e-05]
m: [125.70428490823463, 125.70428490823463, 125.70428490823463, 125.70428490823463, 125.70428490823463, 125.70428490823463, 125.70428490823463, 125.70428490823463]
Vf_OL: [156.70000000000013, 156.70000000000013, 156.70000000000013, 156.70000000000013, 156.70000000000013, 156.70000000000013, 156.70000000000013, 156.70000000000013]
Vf_CL: [156.70000000000013, 157.40000000000015, 161.30000000000015, 166.70000000000016, 166.80000000000015, 167.30000000000015, 169.80000000000015, 169.80000000000015]
f_obj: [-0.4108351190321129, -0.4153022536843147, -0.44019057531800954, -0.4746513283492795, -0.47528949044245117, -0.4784803009083096, -0.4944343532376012, -0.4944343532376012]
constraint: [0.0, 0.004467134652201832, 0.02935545628589664, 0.06381620931716658, 0.06445437141033827, 0.06764518187619672, 0.08359923420548832, 0.08359923420548832]
